10
1101
211011
32110111
16133825
45131835
-2068931699
-1216202945
-1762966703
-1846962973
447630246
215886008
1893043438
-2100828160
1735068962
-166289356
634462598
550933656
-978249558
-741209166
959292038
-1106472537
1439923320
1021896029
-2036556021
-889612151
-1792139125
1233098189
1174714015
-1244232591
1507284548
130792525
404599482
194350655
1805242580
-2039770926
135631632
-2113629614
678261396
-909563802
-893337086
-762066933
860604668
1102718081
161120934
-1397341541
-1067775719
1999766743
596610585
-1886788517
-468483584
299709385
396281918
-93832509
973486200
-793316243
-1435627742
-2022212896
-1828853346
-357826592
1798259198
-1422920761
-562706560
-558155259
-436081078
19049023
-658434764
1904902377
-1418966873
1511676773
-162766452
843822021
903224066
-1517143737
128093468
-1390518255
-75555002
-1612871941
1034434480
1921563246
364232995
-1117203711
2063561151
-51221375
197684931
-827170155
-1706343321
-1112636807
1164359819
405469085
